x0: 1.0 fx: -0.6321205588285577 fxx: -1.3678794411714423
x1: 0.5378828427399902 fx: 0.046100486291689724 fxx: -1.58398332903168
x2: 0.5669869914054133 fx: 2.449498638371628E-4 fxx: -1.5672319412692506
x3: 0.567143285989123 fx: 6.927808993140161E-9 fxx: -1.567143292916932
