x0: 1.0 fx: 3.0 fxx: 8.0
x1: 0.625 fx: 0.650390625 fxx: 4.671875
x2: 0.48578595317725753 fx: 0.07240158956588028 fxx: 3.6511077896220403
x3: 0.4659559197359892 fx: 0.0013517398449036655 fxx: 3.5151684363549918
x4: 0.46557137490709183 fx: 5.024018974175704E-7 fxx: 3.512555615027007
