x0: 2.5 fx: -32.375 fxx: 18.75
x1: 4.226666666666667 fx: 27.50817896296296 fxx: 53.59413333333333
x2: 3.713398193942731 fx: 3.2052588091294965 fxx: 41.367978440331406
x3: 3.6359165540372973 fx: 0.06641394090593877 fxx: 39.659667563767364
x4: 3.6342419575268967 fx: 3.058361700425394E-5 fxx: 39.62314381754679
x5: 3.634241185664443 fx: 6.494360604847316E-12 fxx: 39.623126986739095
